600138
300005
600158
002707
002530
300033
002383
002439
300061
002668
300365
603869
000606
000034
600108
600467
002041
002086
000998
600257
601118
600313
600598
002069
002447
300070
300440
600418
600066
000957
600006
002594
601808
601857
600028
000407
002408
002470
300156
600803
600856
600777
600426
600500
002221
601678
002493
000703
002648
600688
600759
600175
002510
600060
000651
600690
000418
002032
002508
000333
002353
002343
002085
002406
600699
603766
600403
600348
600546
601088
601898
601699
601666
000983
600395
000937
600188
600997
600123
002128
000780
600157
601101
601225
000933
601918
300012
002531
002196
300327
002482
000810
600502
002586
601789
002717
002200
002775
000581
002496
600352
000422
600486
600096
002250
002170
002326
002440
002215
000525
002538
002588
000902
600469
600143
002054
002099
002092
002108
600295
002381
002341
300121
000635
002562
002224
300221
002597
600309
601058
002226
600409
000949
000830
002172
600636
300037
002361
300063
002427
002206
002497
601233
002601
002637
600273
600346
600827
000523
002251
000501
601933
000759
603123
002024
300043
600456
000534
002414
600562
603308
600893
000727
300322
300319
300433
002400
600373
603000
002105
600491
600499
002159
002292
002712
002503
603338
002445
000967
000906
002202
300406
300338
002434
600475
000881
600416
000625
601311
300138
300370
600761
300031
300200
601888
300197
000733
300438
300065
300318
300326
002391
600522
601111
000858
600019
300003
002022
002007
002245
300073
002089
300153
002533
002444
000975
002142
601009
600000
600036
601997
603939
601628
601601
601336
600376
000671
600240
000863
600115
000630
600031
600460
300403
600269
601222
002570
000877
002655
300232
600363
600622
600340
600718
002405
002373
002766
600458
300351
603111
300011
000825
600787
002126
601600
002537
002458
600195
002100
000911
600737
600438
002124
600298
002299
002311
002321
002385
002477
300119
000876
000639
002548
002688
300313
002679
002714
600873
603609
002746
002234
603718
603566
300498
600201
000930
601985
002317
000524
300143
002425
600779
002258
002195
300377
000708
600507
000898
000709
600593
600839
002429
000016
000100
600276
600521
002294
600383
002658
300425
000778
000959
601028
002756
300164
002002
600837
600030
000776
600816
601688
600783
300388
603588
300145
300362
000978
000430
300284
300237
002051
000498
000018
002193
002563
603808
600755
600693
600858
600859
600697
002187
600415
000417
002091
600682
000062
002344
002345
002419
002697
600280
000513
002296
300320
000008
002071
001979
001979
600048
600639
600208
600621
000042
002305
002035
600050
600584
000615
601969
600498
601100
002230
300085
300297
300369
300078
002212
002061
600740
000811
300299
300447
300334
300462
300096
300017
600089
601179
002452
002502
002536
000591
300387
300002
000997
002580
601169
600872
300412
000990
601007
000059
300353
000568
300542
000089
600009
600897
600004
600054
600754
000888
300178
300144
000796
002182
002540
600711
000426
603799
600884
751900
002456
300115
002475
300136
300207
601231
002241
600797
600809
002665
300294
002627
600720
600585
600801
000401
000786
600883
000885
601992
600449
000672
000789
600176
002080
000619
002271
002302
002372
002398
300234
600876
002504
002088
600552
300134
002705
000563
002612
002468
000400
000069
300244
002773
000785
000715
000564
000516
600655
600785
600628
600729
600612
002277
600778
601116
600327
002574
600723
600828
603031
002818
603900
600382
600270
300013
600125
000905
600279
600368
600794
002183
603611
603066
002582
601991
600795
600011
600027
600886
600900
600236
002039
000600
600021
600674
000543
600310
000601
600969
600979
000539
000883
300427
000722
002267
600995
000875
600452
601139
600617
002564
600644
600681
601016
000421
600141
600596
002036
600967
600184
002686
600038
000063
002281
300025
002335
002583
002491
002123
002664
603306
603788
002483
000035
000958
300422
000005
300090
000546
002675
601555
300287
002174
002027
600728
603708
300256
002479
002518
002065
300367
300253
300059
300180
300188
300386
600104
002026
300201
300455
603885
300271
000065
002573
002435
300015
002402
600898
600550
603033
600389
000792
002539
000599
002068
300054
002409
002165
002585
300285
300346
002669
002001
002001
300398
603806
002741
300429
002643
603010
300481
601966
002313
300527
600312
601717
000682
300301
300581
600487
002519
300310
300009
300347
300452
000598
000538
000661
000783
600155
600705
300106
600594
002103
002561
002640
000887
600563
300014
002454
002460
002484
300258
002709
002074
300246
603108
002261
000815
000530
600172
002480
002529
300161
300210
600958
600057
601163
600519
600597
300159
600282
300129
000963
600062
603456
002009
300024
002472
300171
002747
600629
002450
600566
002315
300058
300251
300359
002501
002384
002635
600885
603328
300444
300075
300451
002308
300010
002410
002268
300212
002609
600501
002101
601799
600478
300100
601689
002760
600297
603997
600676
601939
601818
300041
600879
600118
002025
600151
000768
002013
300008
600572
600318
002740
000848
600305
600887
000895
000860
600429
000596
002304
300146
002557
002650
603288
000799
600150
601989
600685
600072
600482
002115
002465
002467
300383
300101
600760
600068
600880
002131
300133
300148
300269
002329
000835
300494
601599
601811
002672
300379
300230
002138
300296
300567
600170
600820
601021
002043
300196
603601
600848
600708
600867
600285
002019
300137
000909
300056
300266
601001
600508
600428
601006
600548
600350
600153
600119
002357
002352
300240
600233
000910
603898
002216
600073
002568
002661
002695
002702
603020
603589
300273
600166
002662
603085
300255
600198
600120
002446
300259
300265
300308
000555
300408
603118
300066
002792
002813
300324
002701
000718
002169
600406
601611
002547
600986
300081
002354
600634
002421
300150
300202
300226
300352
300279
300089
600538
002059
601788
600999
601198
002090
002426
002611
600582
300410
600583
002253
600990
002023
000920
002158
000700
300034
300084
300097
000801
300195
002595
300228
300309
300342
300263
002520
002553
300358
603686
601766
000547
002366
000687
002509
601398
002364
002396
002280
000971
600804
000829
600105
600776
300038
300051
002488
300312
002464
300292
000002
002146
600325
600007
002244
601588
600823
000961
000656
000732
002285
000046
002314
601155
300098
300213
300306
000554
002064
002207
600387
300072
002554
002254
600256
600871
002053
000952
600075
600063
600987
300019
002324
300082
300214
601208
300218
300261
300243
300192
002734
002749
300409
603188
000822
603968
603026
300446
600299
002083
002327
000726
002687
603555
002699
600398
603518
002761
002293
002094
000861
002264
000026
002721
002242
002102
002127
002010
600517
600875
002350
002098
600493
600137
002042
002144
600232
000158
600152
002291
600070
002087
600448
600272
002394
000779
002404
002486
601566
603001
002674
002034
002072
603889
603558
002763
000955
002656
603608
002003
600177
600689
601718
002485
002494
002029
002634
002776
000869
603866
300293
600219
000807
002149
000970
000758
002160
002176
300064
002466
300224
601677
000697
300337
002738
002249
002639
600869
002078
002228
002229
002605
002572
002678
603899
002751
601166
601998
002198
002418
300071
300426
600975
002157
600527
002389
300236
002382
002584
600983
300217
300247
600971
000669
600702
002719
002507
000716
600017
600018
600029
601872
601866
601333
600035
000828
603167
000582
600535
002223
600216
600267
600085
600436
000423
000999
600763
600529
600587
002262
600079
000756
002020
300026
000915
002332
300049
002437
002422
300147
002551
002603
002653
600332
300396
600976
300436
603858
600439
600315
002014
002084
600626
600433
002154
600963
002599
000620
300329
601339
002301
002735
002780
603398
600076
600663
002008
300215
600894
002523
600633
430208
831114
831891
002133
600064
000540
600565
000981
600094
002392
601636
002613
002641
002718
002785
002742
600015
601328
601288
601988
000001
601128
002511
600978
600570
002037
002004
300083
600266
600748
000926
600067
000965
300099
000402
000090
000090
600606
000690
000027
600396
600642
600116
000695
000593
002181
002587
300291
002694
600098
000767
600578
600358
600917
600483
000899
000558
300162
000826
600136
600881
002233
000055
300093
000012
300160
300198
002671
603737
300360
300141
300461
601668
600477
002325
002375
002081
002593
002659
002713
002743
603030
603300
002323
300495
601886
002431
603018
002116
002062
601390
601186
600970
600512
002178
601618
002060
002542
601800
300316
002266
300124
000728
601377
300382
300457
300450
600221
601008
000099
002120
601018
300350
002769
002492
603128
603223
002711
603008
002390
300233
300439
300482
600919
600926
601229
000488
600356
002191
002243
002117
002303
300057
002348
002565
002575
002571
601515
002521
600337
603600
603818
002631
603313
600388
300007
300055
300203
300385
300152
600292
600008
600168
601158
300125
300174
002630
300332
600167
600600
600559
000519
000608
600185
600466
000056
000040
300021
300187
300249
300335
000711
300157
603099
600515
600751
601919
000043
000006
600077
002033
600258
600703
002236
002005
002079
002259
300077
002415
300088
600261
600707
002180
300219
000061
002567
600571
000701
000503
002443
002474
002512
300130
300248
002642
002657
300302
300333
603019
002312
002771
300465
603636
300449
002256
002177
600476
300170
300155
002649
300479
300448
600306
000590
000610
000721
002489
002186
600362
601168
002237
000603
000688
600773
002407
300067
000429
600160
000960
600114
002318
002378
002167
300561
000729
600132
000505
000666
000070
300394
600059
002330
603027
603919
002111
002076
002559
300416
600039
603616
300166
300140
601199
002616
000068
600217
600461
002831
600998
000739
600580
300349
002478
002397
000338
603389
300091
002184
002739
000939
603006
603011
000680
000157
000528
600730
600661
601238
603058
000166
000750
002342
300366
600741
601633
000800
300545
002481
600122
300414
300568
000892
300030
600549
600259
600392
600111
300458
000550
002048
000980
002239
002050
600055
002340
002626
603158
300281
002777
002197
603508
000587
002644
603368
002758
002287
300190
300262
600289
300045
000903
600567
600005
600307
600010
600399
000761
002310
000882
000938
300222
300474
300345
601965
601127
000536
600666
300512
300223
600056
600909
000050
000725
600962
002286
300189
603816
603729
600547
600497
600121
000552
600397
000968
002541
600691
600183
002436
300183
300395
000021
603699
300488
300470
002322
300456
600620
600223
000631
002070
000951
000521
002413
000681
002829
002829
603077
300548
002448
300528
600977
601595
000683
600093
600180
600323
000036
600675
600831
300526
300502
600037
601801
601098
601928
600637
600643
002376
000977
600717
002677
603268
002623
601012
002469
002768
603798
300364
002423
300004
000925
000976
600081
601996
000566
002358
